"Malumita Brevivisus","","0",1,0,365,124,27274,none,migrate,9.34023,9.20768,8.75391,-0.155799,0.001,1,127209,8.18852,3.29432,9.25882,6.09278,0.00133941,0.00169214,74,apple,0,19,20
"Malumita Pertivisus","","0",1,240,398,473,22912,NW,migrate,6.67195,9.27371,1.44401,0.268588,0.001,1,912627,6.16682,7.00646,5.36531,5.02446,0.00109122,0.00250901,105,apple,0,17,22
"Putregax Aevisensus","","m",1,240,394,390,22183,NE,hungry,4.19543,9.92497,7.25266,-0.191536,0.001,1,475366,4.70344,6.32104,7.43751,6.36917,0.0186054,0.00220156,162,scavenger,1,27,8
"Malumita Brevivisus","","0",1,240,467,364,18686,NW,sleep,5.3526,7.24068,2.33601,8.08885,0.001,1,177001,4.70344,4.80504,2.62671,8.60287,0.00133941,0.00307461,74,apple,0,14,5
"Malugax Aevisensus","","0",1,240,282,359,17204,NE,migrate,5.69039,9.77291,2.95397,2.24075,0.001,1,288162,4.30381,6.32104,3.26201,3.38648,0.0186054,0.00161164,162,apple,1,27,7
"Malumita Brevivisus","","0",1,240,378,220,16694,NW,sleep,2.52193,8.61972,1.38001,5.07298,0.001,1,47419,3.32846,8.89741,3.00638,8.82014,0.014842,0.00107272,99,apple,0,4,5
"Musaverec Aevisensus","","Q",1,240,135,32,16511,SW,hungry,1.69191,4.87936,1.85903,-0.0241746,0.001,1,287633,4.70344,6.32104,3.65038,7.17624,0.0186054,0.00161164,151,banana,1,26,28
"Putremicus Brevisensus","","m",1,240,350,139,14430,SE,migrate,10.0412,9.82193,1.63602,2.79281,0.001,1,177001,4.30381,4.80504,3.18022,4.92446,0.0186054,0.00161164,151,scavenger,1,16,28
"Malumita Aevisensus","","0",1,240,295,41,14053,NW,sleep,2.08444,6.50049,0.0530003,-0.805823,0.001,1,287555,4.70344,6.32104,6.90387,7.17624,0.0136274,0.00161164,162,apple,0,21,8
"Malumilia Pertisensus","","0",1,240,396,7,12835,E,breed,4.23747,8.95058,1.08499,8.83244,0.001,1,912627,3.32846,8.89741,5.36531,8.82014,0.018294,0.00131833,130,apple,1,4,22
"Malumita Aevivisus","","0",1,240,313,87,12205,none,hungry,2.88074,7.97663,0.0990001,-0.675442,0.001,1,287633,4.30381,8.89741,3.00638,8.82014,0.0186054,0.00161164,60,apple,0,27,7
"Malugax Pertisensus","","0",1,240,158,387,11562,SW,migrate,5.55915,9.36674,0.645996,5.42516,0.001,1,912627,4.73256,8.89741,5.36531,7.17624,0.018294,0.00161164,162,apple,1,27,22
"Malumita Aevisensus","","0",1,240,231,441,10889,NW,sleep,3.65051,7.7828,2.92097,3.23945,0.001,1,287633,4.47797,6.32104,6.90387,4.87783,0.0186054,0.00161164,163,apple,0,27,25
"Malumita Pertisensus","","0",1,240,215,41,10403,SE,sleep,3.17942,7.20802,0.329,2.53636,0.001,1,912627,4.47797,6.32104,5.36531,8.82014,0.014842,0.00100874,163,apple,0,27,30
"Musamita Brevisensus","","Q",1,240,49,147,10206,SW,sleep,4.61538,5.20861,3.61392,7.18129,0.001,1,208971,4.70344,6.32104,6.90387,7.17624,0.0136274,0.00161164,162,banana,0,16,8
"Malumicus Aevisensus","","0",1,240,403,232,10201,N,sleep,5.29516,9.28437,2.86897,7.19314,0.001,1,287633,4.30381,6.32104,3.18022,7.17624,0.0186054,0.00161164,151,apple,1,16,20
"Maluverec Pertisensus","","0",1,240,202,340,8956,NW,sleep,4.66594,8.03168,4.85383,5.79976,0.001,1,754419,4.30381,1.55381,6.90387,7.17624,0.0029458,0.00161164,162,apple,1,21,29
"Malumita Pertisensus","","0",1,240,387,17,8258,NW,hungry,3.18495,2.52403,1.67602,-0.947215,0.001,1,912627,4.30381,6.32104,3.21438,8.82014,0.014842,0.00100874,163,apple,0,27,30
"Putregax Brevisensus","","m",1,240,35,425,7120,NE,breed,5.43978,7.00726,7.11967,6.37598,0.001,1,177001,4.70344,6.32104,7.43751,6.36917,0.0186054,0.00220156,162,scavenger,1,21,8
"Malumicus Diusensus","","0",1,240,315,52,7028,N,sleep,2.65016,7.75451,0.0840001,-0.836444,0.001,1,600509,4.30381,8.89741,3.25942,3.38648,0.0186054,0.00161164,151,apple,1,16,22
"Malumita Pertisensus","","0",1,240,318,239,6732,none,migrate,5.51345,7.88473,0.3,2.7708,0.001,1,912627,4.30381,6.32104,3.21438,8.82014,0.014842,0.00100874,163,apple,0,27,26
"Putremicus Brevisensus","","m",1,240,7,271,6682,W,sleep,7.61913,6.49068,0.234,1.44273,0.001,1,177001,4.70344,6.32104,3.18022,4.92446,0.0186054,0.00220156,151,scavenger,1,16,25
"Malugax Aevisensus","","0",1,240,115,142,6429,E,sleep,4.95408,9.11965,4.30287,4.58171,0.001,1,287633,4.30381,6.32104,5.36531,7.17624,0.0172013,0.00161164,162,apple,1,29,22
"Malumita Aevisensus","","0",1,240,50,207,5992,N,migrate,5.05946,7.69621,5.99175,4.58811,0.001,1,287772,4.73256,6.32104,6.90387,7.21136,0.0010706,0.00161164,151,apple,0,19,27
"Malumita Aevisensus","","0",1,240,389,225,5854,N,sleep,4.42564,8.26251,0.773994,5.79144,0.001,1,287555,4.30381,6.32104,3.21438,8.82014,0.016568,0.00100874,163,apple,0,27,8
"Putregax Brevisensus","","m",1,240,208,264,5148,S,sleep,7.72223,5.89738,1.246,6.38531,0.001,1,177001,4.70344,4.80504,3.18022,6.36917,0.0186054,0.00220156,151,scavenger,1,27,8
"Maluverec Pertisensus","","0",1,240,128,461,5079,SW,migrate,5.96896,8.33733,5.07881,2.78311,0.001,1,754419,4.73256,6.32104,6.90387,7.21136,0.0029458,0.00161164,162,apple,1,27,29
"Malumita Pertisensus","","0",1,240,295,95,4809,none,migrate,5.33598,9.35774,4.80883,0.960323,0.001,1,913463,4.47797,6.32104,6.90387,4.87783,0.0172553,0.00106489,163,apple,0,27,19
"Malugax Aevisensus","","0",1,240,420,450,4599,S,sleep,5.02438,9.40433,2.21502,-0.767144,0.001,1,287217,4.70344,6.32104,3.16766,7.17624,0.0136274,0.00161164,167,apple,1,22,8
"Malumita Aevisensus","","0",1,240,266,372,4536,SE,hungry,2.94686,4.53192,4.53585,-0.712347,0.001,1,288162,4.30381,6.32104,6.87832,4.87783,0.0186054,0.00161164,163,apple,0,27,25
"Malugax Aevisensus","","0",1,240,230,56,4101,N,sleep,3.32709,9.69417,2.87697,-0.683931,0.001,1,288162,3.32846,6.32104,3.21438,8.82014,0.0146931,0.00100874,163,apple,1,27,26
"Malumita Aevisensus","","0",1,240,316,455,3992,E,sleep,3.98342,9.03496,2.528,3.36074,0.001,1,288060,4.30381,7.61628,3.25942,8.82014,0.016568,0.00191529,163,apple,0,27,22
"Malumita Aevisensus","","0",1,240,278,381,3597,E,hungry,1.42681,4.70388,3.59692,-0.328775,0.001,1,288162,4.70344,6.32104,6.87832,4.89841,0.0136274,0.00161164,167,apple,0,27,8
"Musamita Aevivisus","","Q",1,240,320,12,3541,N,sleep,4.71941,9.6235,2.88697,-0.364231,0.001,1,287633,4.30381,8.89741,3.00638,8.82014,0.0186054,0.00161164,99,banana,0,27,7
"Malumilia Aevivisus","","0",1,240,43,49,3169,W,breed,4.51609,9.12164,3.16895,8.82318,0.001,1,288162,3.32846,8.89741,5.36531,8.82014,0.0146931,0.00107272,99,apple,1,4,24
"Malumita Aevisensus","","0",1,240,399,172,3090,SW,hungry,1.19255,4.52623,3.08996,-0.0443847,0.001,1,287555,4.30381,7.61628,3.25942,8.78553,0.016568,0.00100874,168,apple,0,27,8
"Malumita Aevisensus","","0",1,240,267,493,2889,NE,breed,4.62315,8.97258,2.88897,4.90417,0.001,1,288162,4.30381,6.32104,3.18022,4.89841,0.0186054,0.00161164,167,apple,0,27,20
"Malugax Aevisensus","","0",1,240,89,176,2708,SW,hungry,3.10079,4.60459,2.70799,-0.354561,0.001,1,288162,4.30381,6.32104,3.26201,7.17624,0.0172013,0.00161164,162,apple,1,28,22
"Malumita Brevisensus","","0",1,240,384,15,2226,NE,hungry,0.761695,4.28657,2.22602,-0.470928,0.001,1,167790,3.32846,6.32104,3.21438,8.85944,0.0146931,0.00107272,163,apple,0,27,26
"Malumita Aevisensus","","0",1,240,464,293,2201,none,migrate,5.56377,9.61484,2.20102,3.49621,0.001,1,288162,4.30381,6.32104,6.90387,7.17624,0.0136274,0.00161164,163,apple,0,21,7
"Malumita Aevisensus","","0",1,240,173,461,2159,W,sleep,4.44232,3.82202,0.544997,-0.49126,0.001,1,287555,3.18724,2.10113,0.44641,8.78553,0.016568,0.00100874,157,apple,0,16,12
"Malugax Aevisensus","","0",1,240,97,275,2017,W,hungry,2.62898,4.51441,2.01704,-0.713959,0.001,1,288162,4.30381,6.32104,6.87832,4.87783,0.0186054,0.00161164,162,apple,1,27,7
"Maluverec Aevisensus","","0",1,240,213,489,1676,E,migrate,5.97723,9.47679,1.67602,3.67711,0.001,1,287633,4.73256,6.32104,5.36531,7.21136,0.0160448,0.00161164,162,apple,1,27,29
"Musamita Aevivisus","","Q",1,240,141,41,1650,SE,migrate,4.79359,9.62185,1.65002,4.41525,0.001,1,287633,4.30381,8.89741,3.65038,8.82014,0.0186054,0.00169854,99,banana,0,26,7
"Malumilia Pertivisus","","0",1,240,399,24,1638,W,hungry,1.56089,9.57183,1.63802,-0.827983,0.001,1,912627,3.32846,8.89741,5.36531,8.82014,0.0146931,0.00188178,99,apple,1,4,24
"Malumita Pertivisus","","0",1,240,219,30,1638,N,hungry,4.19095,9.12064,1.63802,1.89724,0.001,1,912627,4.47797,8.89741,5.36531,4.87783,0.014842,0.00107272,99,apple,0,4,24
"Malugax Aevisensus","","0",1,240,74,199,1618,NW,hungry,2.82402,4.73365,1.61802,-0.699872,0.001,1,288162,4.30381,6.32104,3.26201,3.38648,0.0172013,0.00318124,162,apple,1,27,22
"Malugax Aevisensus","","0",1,240,400,172,1290,SW,hungry,0.712293,4.27163,1.29,-0.0482726,0.001,1,288162,3.32846,6.32104,3.21438,8.85944,0.0146931,0.00107272,163,apple,1,27,26
"Putregax Aevisensus","","m",1,240,126,194,1190,N,breed,5.61906,8.82252,1.19,7.17946,0.001,1,288162,4.34111,6.32104,3.26201,7.17624,0.0172013,0.00161164,162,scavenger,1,28,22
"Malumita Aevisensus","","0",1,240,275,381,1130,E,hungry,1.05248,4.73439,1.13,-0.330386,0.001,1,288162,4.30381,6.32104,6.87832,4.87783,0.0151202,0.00161164,163,apple,0,27,25
"Musamita Aevisensus","","Q",1,240,62,68,1019,NW,migrate,4.66084,9.62185,1.01899,2.20212,0.001,1,287633,4.30381,8.89741,3.65038,8.82014,0.0186054,0.00169854,156,banana,0,26,7
"Malumita Pertisensus","","0",1,240,391,24,940,S,hungry,3.0263,9.08263,0.939991,-0.948223,0.001,1,912627,4.47797,6.32104,6.90387,8.82014,0.0172553,0.00100874,163,apple,0,27,30
"Putregax Brevisensus","","m",1,240,328,445,918,W,breed,6.53009,9.56382,0.917992,6.38738,0.001,1,177001,4.30381,5.56304,3.18022,6.36917,0.0186054,0.00220156,162,scavenger,1,16,8
"Malumilia Aevivisus","","0",1,240,219,35,887,N,hungry,1.60633,9.12064,0.886992,-0.9515,0.001,1,288162,4.47797,8.89741,5.36531,8.82014,0.014842,0.00107272,99,apple,1,4,24
"Malumita Aevisensus","","0",1,240,377,391,848,N,migrate,4.4921,2.1783,0.847993,6.62372,0.001,1,288162,3.18724,2.10113,6.90387,7.17624,0.0136274,0.00100874,157,apple,0,21,7
"Malugax Aevisensus","","0",1,240,20,305,831,W,breed,4.73205,9.62085,0.830993,3.40194,0.001,1,288162,4.30381,6.32104,3.26201,3.38648,0.0186054,0.00161164,162,apple,1,27,22
"Musagax Aevivisus","","Q",1,240,134,32,553,SW,hungry,2.56198,4.88811,0.552996,-0.0257862,0.001,1,287633,4.70344,6.32104,3.65038,7.17624,0.0186054,0.00161164,99,banana,1,27,7
"Putregax Brevisensus","","m",1,240,409,418,501,none,hungry,1.99964,4.91841,0.500997,-0.229782,0.001,1,177001,4.30381,5.56304,3.18022,4.92446,0.0186054,0.00264117,151,scavenger,1,16,8
"Malumita Aevisensus","","0",1,240,99,275,443,W,hungry,2.21061,2.86746,0.442998,-0.713959,0.001,1,288162,4.30381,6.36719,6.87832,4.87783,0.0186054,0.00161164,162,apple,0,27,25
"Malugax Brevivisus","","0",1,240,408,14,440,SE,hungry,0.127201,9.57283,0.439998,-0.472,0.001,1,167790,3.32846,6.32104,4.28735,8.85944,0.0146931,0.00107272,99,apple,1,27,26
"Musamita Aevivisus","","Q",1,240,50,47,390,W,migrate,4.35416,9.62085,0.389999,2.28164,0.001,1,287633,4.30381,8.89741,3.65038,8.82014,0.0186054,0.00169854,99,banana,0,26,7
"Malugax Aevisensus","","0",1,240,63,183,221,S,hungry,3.90061,3.03842,0.221,-0.356173,0.001,1,288162,4.30381,6.32104,3.26201,3.38648,0.0172013,0.00161164,162,apple,1,28,22
"Malumita Aevisensus","","0",1,240,278,381,206,E,hungry,2.25678,3.07643,0.206,-0.331998,0.001,1,288162,4.30381,6.32104,6.87832,4.89841,0.0136274,0.00161164,163,apple,0,27,25
"Musagax Brevisensus","","Q",1,240,326,461,88,W,hungry,4.03503,9.92397,0.088,-0.232423,0.001,1,177001,4.70344,6.32104,3.18022,6.36917,0.0186054,0.00264117,162,banana,1,16,10
"Malumita Aevisensus","","0",1,240,400,172,45,SW,hungry,0.619617,2.91729,0.045,-0.0453935,0.001,1,287555,4.30381,6.32104,3.25942,8.78553,0.0156306,0.00100874,165,apple,0,27,8
"Musagax Aevivisus","","Q",1,240,134,33,16,SW,hungry,1.4123,3.25016,0.016,-0.0257862,0.001,1,287633,4.70344,6.32104,3.65038,7.17624,0.0186054,0.00161164,99,banana,1,27,7